*---------------------------------------------------------*
*   Country: India
*   Station: Yadgiri
*      Year: 2020
*    Source: Dep. of Meteorology, Karnataka.
*    Author: Nishchay R
* Longitude: 77 13 E
*  Latitude: 16 77 N  
* Elevation: 389 m.
*  Comments: Location Yadgiri.
*
*  Columns:
*  ========
*  station number
*  year
*  day
*  irradiation (kJ m-2 d-1)
*  minimum temperature (degrees Celsius)
*  maximum temperature (degrees Celsius)
*  vapour pressure (kPa)
*  mean wind speed (m s-1)
*  precipitation (mm d-1)
** WCCDESCRIPTION=India, Yadgiri
** WCCFORMAT=1
** WCCYEARNR=2020
*---------------------------------------------------------*
   77.13  16.77     389.  -0.18 -0.55
1	2020	1	5.02.	20.20	29.40	2.36	1.11	67.30	0.00
1	2020	2	4.78.	22.00	30.60	2.63	1.37	63.25	0.00
1	2020	3	5.08.	18.50	29.10	2.12	0.98	67.85	0.00
1	2020	4	4.92.	17.00	31.20	1.93	1.17	61.75	0.50
1	2020	5	4.87.	18.60	30.40	2.13	1.24	57.95	1.50
1	2020	6	4.85.	19.60	28.40	2.27	1.24	65.80	2.00
1	2020	7	4.75.	21.20	28.90	2.51	1.11	69.85	1.50
1	2020	8	4.82.	20.40	30.40	2.39	1.37	68.35	0.50
1	2020	9	4.94.	20.90	29.40	2.46	0.98	66.30	0.00
1	2020	10	5.20.	19.80	31.00	2.30	1.17	64.75	0.00
1	2020	11	5.34.	19.60	28.90	2.27	1.24	67.95	3.50
1	2020	12	5.41.	18.70	28.30	2.15	1.11	64.90	0.00
1	2020	13	5.47.	16.10	28.70	1.82	0.98	61.35	0.00
1	2020	14	5.19.	17.00	31.80	1.93	1.04	55.00	0.00
1	2020	15	5.19.	17.60	32.30	2.00	0.85	51.60	3.00
1	2020	16	5.48.	16.70	31.10	1.89	1.17	49.50	2.50
1	2020	17	5.28.	17.40	29.90	1.98	1.17	54.45	37.50
1	2020	18	5.51.	19.00	30.40	2.19	1.69	56.20	16.00
1	2020	19	5.79.	20.60	30.30	2.42	1.24	61.80	1.00
1	2020	20	5.66.	19.40	31.50	2.24	1.11	59.40	0.50
1	2020	21	5.56.	19.70	32.70	2.29	1.69	57.95	0.00
1	2020	22	5.41.	19.50	31.60	2.26	1.17	53.80	37.50
1	2020	23	5.44.	19.10	30.70	2.20	1.50	55.90	0.00
1	2020	24	5.55.	18.30	32.20	2.09	1.04	54.50	2.00
1	2020	25	5.38.	17.10	30.60	1.94	1.37	53.55	2.00
1	2020	26	5.55.	17.70	32.50	2.02	0.85	53.50	0.00
1	2020	27	5.52.	20.20	32.10	2.36	0.65	48.85	0.00
1	2020	28	5.55.	19.90	32.90	2.32	1.37	55.65	0.00
1	2020	29	5.58.	18.50	30.40	2.12	1.63	57.60	0.00
1	2020	30	5.05.	17.80	32.00	2.03	1.17	50.45	0.00
1	2020	31	5.40.	18.10	32.50	2.07	0.85	48.70	0.00
1	2020	32	5.79.	18.50	32.70	2.12	1.04	49.60	0.00
1	2020	33	5.76.	21.80	32.10	2.60	0.98	48.45	0.00
1	2020	34	5.64.	22.10	31.50	2.65	1.50	51.10	0.00
1	2020	35	5.82.	21.10	31.60	2.49	1.11	47.45	6.00
1	2020	36	5.59.	19.60	31.20	2.27	1.17	46.00	0.00
1	2020	37	5.44.	20.70	31.80	2.43	1.30	50.00	0.00
1	2020	38	5.66.	19.90	32.60	2.32	1.17	49.30	0.00
1	2020	39	5.80.	18.30	30.80	2.09	0.98	53.70	0.00
1	2020	40	5.70.	20.00	30.80	2.33	1.04	55.55	0.00
1	2020	41	5.85.	19.70	29.90	2.29	1.37	65.35	0.00
1	2020	42	6.25.	19.50	30.40	2.26	1.11	62.55	35.50
1	2020	43	6.34.	20.00	29.90	2.33	1.11	61.25	0.50
1	2020	44	6.27.	19.60	30.30	2.27	1.04	57.75	5.50
1	2020	45	6.29.	18.00	31.10	2.06	1.17	52.70	11.50
1	2020	46	6.36.	18.50	31.80	2.12	1.17	45.00	4.00
1	2020	47	6.35.	18.30	33.20	2.09	0.98	40.65	13.00
1	2020	48	6.24.	19.30	33.30	2.23	1.17	43.20	9.00
1	2020	49	6.59.	20.20	32.60	2.36	0.98	44.60	6.50
1	2020	50	6.65.	20.10	32.60	2.34	1.56	42.90	0.50
1	2020	51	6.54.	20.50	33.00	2.40	1.17	47.30	0.00
1	2020	52	6.44.	19.50	32.70	2.26	1.24	49.20	0.00
1	2020	53	6.09.	19.40	32.20	2.24	1.30	48.20	15.50
1	2020	54	5.94.	19.80	32.80	2.30	1.24	46.40	0.00
1	2020	55	5.87.	20.30	32.40	2.37	1.17	48.15	10.00
1	2020	56	5.73.	22.00	33.90	2.63	1.17	46.30	0.00
1	2020	57	5.99.	21.10	32.30	2.49	1.30	47.05	0.00
1	2020	58	6.11.	22.70	33.50	2.75	1.24	39.60	56.50
1	2020	59	5.85.	21.90	32.40	2.62	1.17	51.20	35.00
1	2020	60	6.16.	22.70	32.90	2.75	1.43	50.95	17.50
1	2020	61	6.22.	24.50	32.70	3.06	1.04	50.65	0.00
1	2020	62	6.53.	20.90	33.30	2.46	1.43	61.15	0.00
1	2020	63	6.67.	21.60	32.90	2.57	1.17	56.90	2.50
1	2020	64	6.50.	21.40	35.40	2.54	0.78	48.20	3.00
1	2020	65	6.13.	19.60	34.70	2.27	1.89	41.85	0.00
1	2020	66	6.01.	19.90	32.70	2.32	1.76	54.10	0.00
1	2020	67	6.29.	21.10	32.00	2.49	1.43	53.05	0.00
1	2020	68	6.52.	22.20	32.80	2.67	0.98	45.15	0.00
1	2020	69	6.83.	22.90	34.80	2.78	0.72	50.15	0.00
1	2020	70	6.97.	22.80	34.90	2.77	0.91	47.70	0.00
1	2020	71	6.84.	22.70	35.30	2.75	2.21	47.50	0.00
1	2020	72	6.98.	23.80	34.00	2.94	2.21	47.00	1.00
1	2020	73	6.95.	22.90	34.30	2.78	1.04	47.15	25.00
1	2020	74	7.12.	22.70	34.60	2.75	1.37	41.05	24.50
1	2020	75	7.12.	24.40	35.30	3.05	1.56	41.20	7.50
1	2020	76	6.75.	23.90	35.00	2.96	1.17	46.60	8.00
1	2020	77	6.80.	25.00	35.00	3.16	1.17	46.90	6.00
1	2020	78	7.31.	25.30	36.20	3.21	1.24	41.65	0.00
1	2020	79	7.12.	24.00	36.70	2.97	1.24	42.35	0.00
1	2020	80	6.84.	24.00	35.80	2.97	1.43	41.05	0.00
1	2020	81	6.82.	21.10	36.40	2.49	1.37	25.60	0.00
1	2020	82	6.75.	21.30	36.00	2.52	1.76	26.05	0.00
1	2020	83	7.08.	22.40	36.10	2.70	1.24	36.10	8.00
1	2020	84	7.33.	25.10	36.40	3.18	1.17	45.40	1.50
1	2020	85	7.33.	24.90	36.70	3.14	1.37	42.30	0.00
1	2020	86	7.30.	24.30	36.20	3.03	1.17	40.60	0.00
1	2020	87	7.15.	24.20	36.30	3.01	1.17	39.05	0.00
1	2020	88	7.23.	23.50	37.70	2.89	1.43	32.60	0.00
1	2020	89	7.00.	23.80	36.50	2.94	1.30	31.95	0.00
1	2020	90	6.85.	24.70	37.70	3.10	1.24	36.05	0.00
1	2020	91	6.71.	24.30	37.30	3.03	1.17	34.75	0.00
1	2020	92	6.80.	24.00	37.60	2.97	1.11	31.55	0.00
1	2020	93	7.00.	23.70	39.70	2.92	0.85	33.60	0.00
1	2020	94	6.47.	26.30	38.60	3.41	1.04	40.35	0.00
1	2020	95	6.39.	28.20	38.30	3.81	1.30	36.20	0.00
1	2020	96	7.17.	27.10	37.20	3.58	1.04	36.90	0.00
1	2020	97	7.31.	25.90	38.50	3.33	1.63	41.25	0.00
1	2020	98	7.07.	25.30	36.90	3.21	1.24	46.80	0.00
1	2020	99	7.61.	22.00	36.50	2.63	1.69	56.30	0.00
1	2020	100	7.46.	22.60	36.80	2.73	1.30	44.80	0.00
1	2020	101	7.19.	23.40	37.40	2.87	1.69	41.90	0.00
1	2020	102	7.24.	25.50	37.10	3.25	1.24	36.60	0.00
1	2020	103	7.20.	24.30	38.90	3.03	1.11	34.35	0.00
1	2020	104	6.96.	26.00	38.20	3.35	1.24	33.75	0.00
1	2020	105	7.07.	24.70	39.80	3.10	1.17	34.55	0.00
1	2020	106	7.01.	25.40	39.30	3.23	1.11	26.80	0.00
1	2020	107	7.10.	26.00	38.60	3.35	1.04	37.35	0.00
1	2020	108	7.16.	25.40	39.20	3.23	1.43	40.60	0.00
1	2020	109	7.05.	25.90	37.50	3.33	1.43	46.70	0.00
1	2020	110	7.19.	22.90	40.20	2.78	1.89	51.00	0.00
1	2020	111	7.10.	26.40	36.50	3.43	2.41	44.45	0.00
1	2020	112	7.08.	21.60	38.30	2.57	1.76	46.90	0.00
1	2020	113	7.38.	25.20	37.70	3.20	2.47	48.85	0.00
1	2020	114	7.43.	26.00	38.80	3.35	1.11	43.10	0.00
1	2020	115	7.61.	26.80	38.80	3.51	1.04	44.35	0.00
1	2020	116	6.94.	24.70	40.20	3.10	1.95	44.20	0.00
1	2020	117	7.38.	25.40	38.60	3.23	2.80	37.80	0.00
1	2020	118	7.27.	25.10	39.20	3.18	1.24	38.95	0.00
1	2020	119	6.87.	25.40	39.30	3.23	1.76	37.70	0.00
1	2020	120	7.04.	25.30	39.20	3.21	1.30	42.95	0.00
1	2020	121	6.89.	25.10	37.60	3.18	1.11	44.10	6.50
1	2020	122	6.93.	26.20	38.90	3.39	2.73	46.65	1.00
1	2020	123	6.86.	26.30	38.40	3.41	1.56	64.80	0.00
1	2020	124	7.09.	25.80	37.60	3.31	1.50	56.05	0.00
1	2020	125	6.82.	25.30	41.60	3.21	1.43	45.20	0.00
1	2020	126	6.90.	26.60	39.90	3.47	1.24	46.35	0.00
1	2020	127	6.89.	26.70	41.00	3.49	1.63	43.20	0.00
1	2020	128	7.21.	26.40	39.50	3.43	1.30	45.35	0.00
1	2020	129	7.00.	25.70	39.10	3.29	1.30	50.10	0.00
1	2020	130	7.17.	27.80	36.90	3.73	1.24	52.70	0.00
1	2020	131	7.17.	27.20	42.20	3.60	1.50	43.15	0.00
1	2020	132	7.37.	25.10	37.00	3.18	1.89	48.35	0.00
1	2020	133	7.26.	24.00	37.50	2.97	1.82	52.30	0.00
1	2020	134	6.86.	27.50	37.40	3.66	0.98	45.10	0.00
1	2020	135	6.76.	26.20	38.40	3.39	2.34	43.20	0.00
1	2020	136	6.79.	27.10	40.40	3.58	1.30	43.05	0.00
1	2020	137	6.92.	24.20	37.80	3.01	2.02	52.75	0.00
1	2020	138	7.47.	27.50	38.40	3.66	1.50	73.00	0.00
1	2020	139	7.70.	24.10	38.10	2.99	1.69	57.10	0.00
1	2020	140	7.69.	25.70	38.10	3.29	2.02	48.50	0.00
1	2020	141	7.70.	25.10	38.80	3.18	2.60	45.35	0.00
1	2020	142	7.35.	25.30	39.70	3.21	1.95	41.80	0.00
1	2020	143	7.06.	25.30	40.50	3.21	1.69	44.10	0.00
1	2020	144	7.21.	26.20	41.50	3.39	2.15	42.55	0.00
1	2020	145	7.33.	26.20	41.60	3.39	3.19	39.95	0.00
1	2020	146	7.61.	27.10	41.50	3.58	2.54	41.40	0.00
1	2020	147	7.67.	24.10	40.70	2.99	1.89	52.50	0.00
1	2020	148	7.25.	27.20	40.90	3.60	2.08	51.90	0.00
1	2020	149	6.80.	25.70	41.00	3.29	2.34	40.95	0.00
1	2020	150	6.79.	28.30	40.20	3.84	2.80	46.05	0.00
1	2020	151	7.45.	25.90	39.50	3.33	1.63	46.90	0.00
1	2020	152	7.35.	25.20	38.10	3.20	1.82	49.00	0.00
1	2020	153	7.16.	23.30	38.80	2.85	1.69	57.35	0.00
1	2020	154	7.45.	23.70	33.80	2.92	1.24	67.40	0.00
1	2020	155	7.36.	24.30	32.40	3.03	1.37	65.65	0.00
1	2020	156	7.37.	23.90	32.10	2.96	2.08	62.85	0.00
1	2020	157	7.24.	23.70	34.00	2.92	1.76	60.95	0.00
1	2020	158	7.45.	24.50	35.70	3.06	2.02	54.20	0.00
1	2020	159	7.00.	24.70	36.80	3.10	1.76	53.30	0.00
1	2020	160	6.41.	24.70	34.50	3.10	1.76	56.10	0.00
1	2020	161	6.40.	24.60	36.00	3.08	2.15	54.35	0.50
1	2020	162	7.14.	25.50	36.30	3.25	1.82	54.10	0.00
1	2020	163	7.20.	23.10	37.40	2.82	2.15	61.05	0.00
1	2020	164	7.28.	23.60	31.10	2.90	1.82	73.85	0.00
1	2020	165	7.18.	23.50	30.20	2.89	3.58	69.85	0.00
1	2020	166	7.30.	23.20	31.90	2.83	1.95	69.10	0.00
1	2020	167	7.27.	24.50	34.80	3.06	1.69	61.20	0.00
1	2020	168	7.39.	27.10	34.60	3.58	1.69	77.55	0.00
1	2020	169	7.02.	25.50	32.30	3.25	2.02	76.95	0.00
1	2020	170	7.16.	25.50	32.70	3.25	1.76	91.00	0.00
1	2020	171	7.18.	23.50	29.90	2.89	1.69	88.90	0.00
1	2020	172	7.27.	23.70	34.50	2.92	2.34	79.70	0.00
1	2020	173	7.41.	24.20	33.60	3.01	2.08	77.30	0.00
1	2020	174	7.37.	24.60	32.70	3.08	1.56	76.45	0.00
1	2020	175	7.21.	24.50	33.60	3.06	2.73	76.25	0.00
1	2020	176	7.22.	24.40	34.80	3.05	2.60	74.05	0.00
1	2020	177	7.32.	24.80	35.70	3.12	1.82	55.90	0.00
1	2020	178	7.12.	23.50	35.90	2.89	1.63	62.65	0.00
1	2020	179	7.08.	24.50	34.20	3.06	1.37	64.60	0.00
1	2020	180	7.22.	24.90	34.70	3.14	1.24	64.05	0.00
1	2020	181	7.27.	23.10	33.70	2.82	1.69	69.50	0.00
1	2020	182	7.19.	24.40	31.80	3.05	2.34	73.65	0.00
1	2020	183	7.02.	23.70	33.20	2.92	1.24	67.50	0.00
1	2020	184	7.26.	24.50	35.30	3.06	1.76	61.00	0.00
1	2020	185	7.05.	24.60	34.20	3.08	1.89	63.15	0.00
1	2020	186	7.17.	24.60	31.40	3.08	3.38	65.30	0.00
1	2020	187	7.29.	23.10	31.70	2.82	2.54	70.10	0.00
1	2020	188	7.13.	24.50	33.00	3.06	2.15	66.55	0.00
1	2020	189	7.09.	24.80	30.90	3.12	1.63	68.35	0.00
1	2020	190	7.09.	22.90	31.60	2.78	1.50	73.80	0.00
1	2020	191	7.22.	23.60	32.10	2.90	2.99	73.65	0.00
1	2020	192	7.06.	23.50	30.50	2.89	1.63	75.05	0.00
1	2020	193	7.07.	22.70	30.80	2.75	1.56	73.60	0.00
1	2020	194	6.98.	24.20	34.00	3.01	1.82	63.85	0.00
1	2020	195	7.13.	23.10	32.30	2.82	1.82	69.70	0.00
1	2020	196	7.20.	22.80	33.70	2.77	1.95	68.40	0.00
1	2020	197	6.98.	23.10	31.50	2.82	2.15	72.65	0.00
1	2020	198	6.98.	21.90	26.10	2.62	1.30	86.70	0.00
1	2020	199	7.03.	22.50	25.60	2.72	1.30	85.75	0.00
1	2020	200	7.29.	22.70	30.00	2.75	1.43	74.95	0.00
1	2020	201	7.18.	23.70	32.10	2.92	1.17	70.85	0.00
1	2020	202	7.06.	24.10	32.50	2.99	2.54	70.40	0.00
1	2020	203	7.11.	23.70	30.90	2.92	1.69	73.85	0.00
1	2020	204	7.03.	23.40	33.00	2.87	0.98	70.55	0.00
1	2020	205	7.32.	24.30	32.90	3.03	1.11	71.55	0.00
1	2020	206	7.26.	24.00	27.40	2.97	1.89	82.50	0.00
1	2020	207	7.00.	22.80	31.00	2.77	1.37	74.85	0.00
1	2020	208	7.12.	22.60	28.60	2.73	0.98	81.85	0.00
1	2020	209	7.05.	22.20	31.20	2.67	1.37	71.95	0.00
1	2020	210	7.31.	23.40	33.40	2.87	1.56	67.35	0.00
1	2020	211	7.20.	23.40	32.50	2.87	2.54	73.45	0.00
1	2020	212	7.31.	23.60	32.50	2.90	1.11	73.95	0.00
1	2020	213	7.29.	24.30	32.90	3.03	1.37	72.00	0.00
1	2020	214	7.16.	23.40	33.20	2.87	1.37	68.35	0.00
1	2020	215	7.06.	23.90	33.80	2.96	1.24	67.80	0.00
1	2020	216	7.08.	24.00	32.90	2.97	2.02	68.05	0.00
1	2020	217	6.88.	23.80	30.00	2.94	1.50	73.35	0.00
1	2020	218	6.96.	23.30	29.50	2.85	2.21	77.40	0.00
1	2020	219	6.75.	24.20	27.30	3.01	1.63	83.45	0.00
1	2020	220	6.67.	24.20	31.50	3.01	2.21	72.65	0.00
1	2020	221	7.02.	23.30	31.80	2.85	1.69	74.35	0.00
1	2020	222	6.91.	23.30	30.80	2.85	2.73	73.15	0.00
1	2020	223	6.95.	22.50	31.00	2.72	2.28	74.40	0.00
1	2020	224	6.74.	22.80	27.80	2.77	3.38	79.70	0.00
1	2020	225	6.85.	24.50	31.90	3.06	1.50	67.30	0.00
1	2020	226	6.81.	23.20	30.00	2.83	1.76	72.15	0.00
1	2020	227	6.81.	21.70	27.80	2.59	0.98	83.35	0.00
1	2020	228	6.94.	22.20	28.00	2.67	1.50	79.65	0.00
1	2020	229	7.10.	21.80	28.30	2.60	1.76	83.05	0.00
1	2020	230	6.84.	21.80	24.10	2.60	1.17	95.55	0.00
1	2020	231	6.95.	22.50	28.50	2.72	1.43	82.40	0.00
1	2020	232	6.88.	22.80	30.70	2.77	1.50	75.55	0.00
1	2020	233	6.94.	22.70	31.60	2.75	1.82	74.45	0.00
1	2020	234	6.85.	22.00	29.40	2.63	1.37	78.75	0.00
1	2020	235	6.88.	22.40	28.70	2.70	1.63	81.25	0.00
1	2020	236	6.79.	23.30	29.90	2.85	1.50	76.75	0.00
1	2020	237	6.86.	22.30	31.00	2.68	1.76	76.90	0.00
1	2020	238	6.66.	22.00	31.30	2.63	1.37	75.85	0.00
1	2020	239	6.57.	22.30	32.10	2.68	1.24	72.35	0.00
1	2020	240	7.08.	23.10	31.20	2.82	1.17	70.50	0.00
1	2020	241	7.10.	22.20	31.40	2.67	1.37	69.80	1.50
1	2020	242	6.83.	22.40	31.00	2.70	1.95	71.65	0.00
1	2020	243	6.73.	22.50	30.60	2.72	1.43	74.00	0.00
1	2020	244	6.75.	22.40	31.90	2.70	1.37	71.60	0.00
1	2020	245	7.06.	22.00	32.40	2.63	1.63	68.30	0.00
1	2020	246	6.96.	24.00	32.70	2.97	1.69	65.45	0.00
1	2020	247	6.98.	22.80	30.50	2.77	1.50	75.85	0.00
1	2020	248	6.96.	24.30	31.80	3.03	0.85	73.35	0.00
1	2020	249	6.87.	24.40	34.70	3.05	1.11	67.00	0.00
1	2020	250	6.91.	25.10	32.90	3.18	0.85	67.60	0.00
1	2020	251	6.91.	24.80	33.60	3.12	1.11	65.85	0.00
1	2020	252	6.56.	24.20	33.60	3.01	1.11	66.05	0.00
1	2020	253	6.45.	23.40	33.60	2.87	0.98	73.80	0.00
1	2020	254	6.80.	23.30	33.00	2.85	1.04	75.85	0.00
1	2020	255	6.63.	23.80	31.30	2.94	1.04	75.40	0.00
1	2020	256	6.60.	23.00	31.40	2.80	1.11	74.90	0.00
1	2020	257	6.71.	22.20	30.20	2.67	1.37	79.45	0.00
1	2020	258	6.70.	22.10	27.50	2.65	0.98	84.70	0.00
1	2020	259	6.58.	22.30	27.00	2.68	1.76	85.25	0.00
1	2020	260	6.57.	23.00	30.10	2.80	1.43	81.35	0.00
1	2020	261	6.03.	22.60	28.50	2.73	2.80	84.85	0.00
1	2020	262	6.51.	23.50	30.10	2.89	2.08	81.65	0.00
1	2020	263	6.41.	23.00	29.80	2.80	1.04	79.50	0.00
1	2020	264	6.55.	22.60	28.90	2.73	0.91	81.30	0.00
1	2020	265	6.53.	22.80	29.90	2.77	1.17	79.35	0.00
1	2020	266	6.50.	22.50	28.70	2.72	1.56	81.75	0.00
1	2020	267	5.95.	22.70	30.10	2.75	1.30	78.75	0.00
1	2020	268	6.28.	21.70	30.00	2.59	2.15	77.80	0.00
1	2020	269	6.34.	23.70	30.90	2.92	1.50	75.85	0.00
1	2020	270	5.98.	21.00	32.20	2.48	1.30	74.20	0.00
1	2020	271	5.98.	21.10	24.20	2.49	1.11	93.80	0.00
1	2020	272	5.79.	22.20	27.90	2.67	0.72	92.10	0.50
1	2020	273	6.13.	22.30	30.10	2.68	0.33	78.35	0.00
1	2020	274	5.99.	22.40	30.90	2.70	1.89	75.90	0.00
1	2020	275	6.05.	22.20	30.80	2.67	2.02	74.70	0.00
1	2020	276	6.07.	21.90	28.50	2.62	1.11	74.90	0.00
1	2020	277	6.15.	23.50	32.90	2.89	0.72	72.35	0.00
1	2020	278	5.72.	23.60	33.20	2.90	2.08	74.15	0.00
1	2020	279	5.75.	22.30	31.80	2.68	1.63	74.35	0.00
1	2020	280	5.73.	21.70	30.80	2.59	2.02	72.90	0.00
1	2020	281	5.90.	23.70	34.30	2.92	1.11	68.85	0.00
1	2020	282	5.70.	21.00	34.20	2.48	1.63	66.65	0.00
1	2020	283	6.16.	22.10	32.20	2.65	0.39	71.30	0.00
1	2020	284	6.16.	22.20	33.30	2.67	0.91	71.40	0.00
1	2020	285	5.81.	21.60	34.00	2.57	1.17	77.15	0.00
1	2020	286	5.92.	22.20	28.20	2.67	0.98	83.95	1.50
1	2020	287	6.07.	21.70	29.60	2.59	0.78	79.15	0.00
1	2020	288	5.97.	21.70	28.60	2.59	1.43	82.75	2.50
1	2020	289	5.87.	21.90	24.60	2.62	1.76	89.30	0.00
1	2020	290	5.95.	22.10	29.20	2.65	1.30	76.45	6.00
1	2020	291	5.39.	21.00	28.20	2.48	0.98	79.75	0.00
1	2020	292	5.30.	21.90	30.50	2.62	0.98	72.05	0.00
1	2020	293	5.27.	23.50	34.40	2.89	1.17	72.55	4.00
1	2020	294	5.19.	22.50	34.80	2.72	0.91	77.40	17.00
1	2020	295	5.28.	21.00	32.80	2.48	1.50	83.50	0.00
1	2020	296	5.45.	22.20	32.60	2.67	1.17	82.95	5.00
1	2020	297	5.53.	21.70	34.20	2.59	0.26	76.10	1.00
1	2020	298	5.68.	22.50	34.20	2.72	0.39	73.85	10.50
1	2020	299	5.64.	21.80	33.70	2.60	0.65	71.55	0.00
1	2020	300	5.28.	22.00	31.30	2.63	0.59	69.75	0.00
1	2020	301	5.28.	18.60	33.00	2.13	0.39	69.80	0.00
1	2020	302	5.29.	20.40	32.90	2.39	0.59	65.55	0.00
1	2020	303	5.56.	21.10	32.80	2.49	0.52	63.75	0.00
1	2020	304	5.60.	21.00	33.10	2.48	0.98	62.30	0.00
1	2020	305	5.25.	20.30	33.50	2.37	0.59	65.30	0.00
1	2020	306	5.22.	18.30	32.80	2.09	0.72	64.85	0.00
1	2020	307	5.26.	17.70	34.40	2.02	0.65	60.80	0.00
1	2020	308	5.14.	18.50	33.60	2.12	0.78	57.30	11.00
1	2020	309	4.94.	17.90	33.50	2.04	1.11	57.35	0.00
1	2020	310	5.08.	14.60	33.10	1.65	0.78	59.60	5.50
1	2020	311	5.60.	14.50	33.00	1.64	0.98	54.15	17.50
1	2020	312	5.66.	19.60	32.80	2.27	0.91	62.90	0.00
1	2020	313	5.90.	20.50	32.10	2.40	0.78	70.75	0.00
1	2020	314	5.69.	16.60	33.20	1.88	0.98	68.65	0.00
1	2020	315	5.57.	14.50	32.40	1.64	1.69	57.75	0.00
1	2020	316	5.80.	11.30	31.10	1.33	1.04	51.20	0.00
1	2020	317	5.63.	15.40	29.90	1.74	0.98	53.25	0.00
1	2020	318	5.44.	21.50	29.10	2.56	1.24	73.80	0.00
1	2020	319	5.53.	20.30	31.20	2.37	0.91	74.70	0.00
1	2020	320	5.46.	19.50	31.20	2.26	1.04	64.35	0.00
1	2020	321	5.56.	20.90	31.10	2.46	0.98	64.80	0.50
1	2020	322	5.73.	21.50	29.50	2.56	1.11	75.50	2.00
1	2020	323	5.68.	21.30	31.10	2.52	1.11	71.10	0.00
1	2020	324	5.36.	22.20	31.30	2.67	0.91	69.20	2.50
1	2020	325	4.81.	18.50	32.80	2.12	1.17	68.65	0.00
1	2020	326	5.01.	18.80	32.30	2.16	0.85	56.15	0.00
1	2020	327	5.09.	18.20	32.10	2.08	0.78	53.10	0.00
1	2020	328	5.00.	20.60	31.10	2.42	0.78	61.65	0.00
1	2020	329	5.10.	17.90	29.50	2.04	0.91	70.25	0.00
1	2020	330	4.73.	14.90	29.80	1.69	0.91	61.80	1.00
1	2020	331	5.09.	19.90	30.60	2.32	1.04	57.40	13.50
1	2020	332	5.20.	19.10	26.80	2.20	1.04	74.20	50.50
1	2020	333	5.25.	18.30	23.90	2.09	2.15	83.95	14.00
1	2020	334	5.36.	19.00	23.10	2.19	1.04	92.45	0.00
1	2020	335	5.30.	19.40	28.60	2.24	0.65	82.80	0.00
1	2020	336	5.35.	18.70	30.10	2.15	1.11	73.35	0.00
1	2020	337	5.25.	15.90	28.70	1.80	0.98	69.95	3.50
1	2020	338	5.31.	15.80	30.00	1.79	0.98	62.75	0.00
1	2020	339	5.21.	18.50	30.90	2.12	0.65	66.20	0.00
1	2020	340	5.30.	17.00	32.00	1.93	1.17	63.80	24.00
1	2020	341	5.24.	15.60	31.60	1.76	1.04	58.40	0.00
1	2020	342	5.30.	18.20	30.50	2.08	1.17	60.30	0.00
1	2020	343	5.27.	20.00	32.40	2.33	1.24	63.35	5.00
1	2020	344	5.14.	20.30	32.60	2.37	1.04	67.20	3.50
1	2020	345	5.15.	18.10	32.50	2.07	0.78	60.35	0.00
1	2020	346	5.19.	16.30	32.10	1.85	1.04	56.45	0.00
1	2020	347	5.08.	15.90	32.80	1.80	1.04	57.15	0.00
1	2020	348	4.87.	15.00	31.50	1.70	0.85	57.35	0.00
1	2020	349	4.94.	16.10	29.40	1.82	0.98	59.60	2.50
1	2020	350	4.79.	16.30	32.40	1.85	1.04	61.75	12.50
1	2020	351	4.21.	16.30	31.10	1.85	0.72	58.10	1.00
1	2020	352	4.81.	17.90	31.30	2.04	0.65	63.45	0.00
1	2020	353	5.29.	17.70	31.20	2.02	0.39	63.30	22.50
1	2020	354	5.35.	17.80	32.10	2.03	0.59	62.05	44.00
1	2020	355	5.11.	15.60	30.60	1.76	0.52	59.65	0.00
1	2020	356	4.96.	14.30	30.00	1.62	0.52	58.05	3.50
1	2020	357	4.73.	12.20	29.80	1.41	0.26	55.85	10.00
1	2020	358	4.35	12.20	29.60	1.41	0.33	55.55	0.00
1	2020	359	4.76.	14.10	30.10	1.60	0.26	57.50	0.00
1	2020	360	4.64.	16.40	31.40	1.86	0.33	58.80	0.00
1	2020	361	4.63.	15.50	30.40	1.75	0.33	61.20	0.00
1	2020	362	4.41.	15.70	30.50	1.78	0.33	60.35	0.00
1	2020	363	4.68.	16.50	31.70	1.87	0.07	61.90	0.00
1	2020	364	4.58.	16.80	31.70	1.91	0.59	58.85	0.00
1	2020	365	4.76.	17.00	31.50	1.93	1.50	57.15	1.50
1	2020	366	4.96.	19.50	30.50	2.26	0.07	62.20	2.00
